18.98574 20.29304 20.22405 20.06007 27.87147 14.92381 17.74419 25.21733 
8.618871 69.22916 4.71514 5.622903 27.59811 0 8.019087 2.711287 
32.29884 1.235089 2.956355 4.10332 3.253484 7.598939 4.140683 2.180473 
1.361504 0 0 0 0 1.625771 0.6544176 0.9053752 
35.83857 31.94293 34.52096 34.60912 30.20882 31.78404 43.6969 37.8614 
0 0 0 0 0 0 0 0 
34.91816 42.13142 84.27108 14.72586 56.74646 40.38309 39.58908 65.31607 
81.16566 5.622607 0 9.00645 43.49055 0 1.933472 6.282601 
33.92161 34.27689 33.84538 35.65228 34.78225 32.01105 33.35833 33.88437 
6.712406 11.12435 7.960997 8.661765 5.30132 12.67544 7.667106 9.75649 
2.326871 69.65008 6.256586 12.21386 6.558437 7.72674 6.4812 7.99549 
54.23087 25.83497 15.2844 0 82.21436 0.9873579 0 0 
57.69706 64.04835 60.68562 61.92355 61.88223 44.64713 59.55029 57.38659 
23.08363 30.58469 54.94117 5.102169 8.924502 20.0059 25.31019 11.49099 
94.35842 90.98168 97.66264 89.5395 95.76477 97.37579 91.99558 97.52218 
32.21066 85.10526 41.96912 43.94075 70.52101 39.23938 81.19158 39.37429 
41.69946 47.29118 33.44909 43.79053 51.45527 60.80062 36.26009 37.81466 
49.60502 85.1068 66.6092 61.51526 71.30432 48.04111 53.89774 59.86203 
3.918729 1.659579 1.457011 22.85095 25.28911 2.185367 1.677887 2.25305 
33.12577 5.975482 34.74308 34.42601 35.77768 35.15904 35.96878 28.47643 
54.2529 62.9865 22.36814 70.97911 64.87447 56.35795 48.28296 64.16742 
16.84324 12.95693 11.45677 28.84468 8.710433 14.08158 7.448572 4.422623 
40.49862 96.3689 59.90438 38.84074 16.104 8.20142 66.23764 35.45628 
30.8401 57.92682 27.11086 23.16528 29.52941 31.26974 22.60832 13.45569 
56.59564 66.95557 70.35568 78.99554 81.91408 69.73564 62.9302 60.53305 
4.248127 9.204504 6.791473 5.615407 6.727452 7.560441 4.894755 2.035024 
65.38722 0.2962053 77.13918 75.51983 64.66863 27.49085 50.95028 43.90672 
51.15557 34.37678 46.43861 64.83479 52.13792 63.76507 44.1805 60.10553 
88.55287 89.7356 91.76201 87.6552 91.99556 85.93783 85.1854 92.06387 
0.2897185 0 0.4605313 0.7745548 2.007803 0 0 0 
75.65939 47.27202 84.31342 82.50784 89.9699 92.2177 91.19452 92.2679 
66.25221 46.01633 70.25797 59.15182 70.68058 63.33696 95.21071 20.73761 
7.141379 7.314437 4.083255 12.3855 14.19995 35.80169 13.31608 7.23937 
0 0 0 0 0 0 0 0 
0 0 0 0 0 0 0 0 
0 0 0 0 0 0 0 0 
0 0 0 0 0 0 0 0 
0 0 0 0 0 0 0 0 
0 0 0 0 0 0 0 0 
0 0 0 0 0 0 0 0 
0 0 0 0 0 0 0 0 
0 0 0 0 0 0 0 0 
0 0 0 0 0 0 0 0 
0 0 0 0 0 0 0 0 
0 0 0 0 0 0 0 0 
0 0 0 0 0 0 0 0 
0 9.130702 0 0 0 0 0 0 
0 4.306818 0 7.921692 4.1099 0 12.53437 0 
49.24995 33.89259 31.51772 24.36626 65.202 31.52017 40.92144 31.53372 
0 0 0 0 0 0 0 0 
0.6933178 0.639821 0.2800657 0 0 0 1.224927 53.65665 
5.458316 1.288572 0.4030595 0 0 0.7305298 0.6707276 8.3139 
60.56592 62.24726 59.81342 53.71484 72.41294 76.46788 54.36017 61.76242 
0 0 0 0 0 0 0 0 
33.9451 0 2.36429 0 0 0 1.699816 0 
82.58407 18.33696 63.21394 49.52937 75.52657 88.64581 99.99298 54.35736 
87.0134 68.32685 47.41031 82.26939 80.96237 90.1554 80.42307 80.15782 
0 0 0 0 0 0 0 0 
68.48841 17.23363 11.38371 6.725058 37.36658 11.18787 16.16105 30.3546 
55.30338 28.73741 41.52831 0 29.54691 0 39.04778 31.33891 
69.16737 79.13862 73.16123 84.79118 81.32038 76.12587 79.69942 87.5632 
3.621571 0 0 40.97163 10.50397 5.441868 0 2.880961 
6.307058 81.80686 11.28452 0 37.03805 12.46234 33.61996 4.394254 
89.90019 85.06362 91.32411 73.64545 71.70013 89.14376 65.42184 31.0147 
21.51636 36.73352 8.469586 1.17823 13.9434 1.902491 11.75402 1.694317 
0 0 0 0 0 0 0 0 
0 0 0 0 0 0 15.79592 0 
0 0 0 0 0 0 0 0 
0 0 0 0 0 0 0 0 
0 0 0 0 0 0 0 0 
0 0 0 0 0 0 0 0 
0 0 0 0 0 0 0 0 
0 0 0 0 0 0 0 0 
0 0 0 0 0 0 0 0 
0 0 0 0 0 0 0 0 
0 0 0 0 0 0 0 0 
0 0 0 0 0 0 0 0 
0 0 0 0 0 0 0 0 
0 0 0 0 0 0 0 0 
0 0 0 0 0 0 0 0 
0 0 0 0 0 0 0 0 
0 0 0 0 0 0 0 0 
0 0 0 0 0 0 0 0 
0 0 0 0 0 0 0 0 
0 0 0 0 0 0 0 0 
0 0 0 0 0 0 0 0 
0 0 0 0 0 0 0 0 
0 0 31.47747 0 0 70.73222 24.28838 0 
0 0 0 0 0 0 0 0 
0 0 0 0 0 0 0 0 
0 0 0 0 0 0 0 0 
0 0 0 0 0 0 0 0 
35.53106 0 34.67328 66.5783 0 17.9793 0 43.84507 
0 0 0 0 0 0 0 0 
34.50354 31.26348 0 50.23582 48.2428 0 56.23386 0 
0 0 0 0 0 0 0 0 
77.76475 67.91329 56.25149 83.48088 88.07891 69.41579 84.29248 83.42898 
0 0 0 0 0 0 0 0 
0 0 0 0 0 0 0 0 
0 0 0 0 0 0 0 0 
0 0 0 0 0 0 0 0 
57.06903 61.0217 74.73302 17.98628 0 0 54.13738 29.87106 
0 0 0 0 0 0 0 0 
0 0 0 0 0 0 0 0 
0 0 0 0 0 0 0 0 
0 0 0 0 0 0 0 0 
0 0 0 0 0 0 0 0 
0 0 0 0 0 0 0 0 
0 0 0 0 0 0 0 0 
0 0 0 0 0 0 0 0 
0 0 0 0 0 0 0 0 
0 0 0 0 0 0 0 0 
82.96729 82.5919 78.89587 74.49623 99.99787 51.21803 91.13501 77.79708 
0 0 0 0 0 0 0 0 
0 0 0 0 0 0 0 0 
0 0 0 0 0 0 0 0 
0 7.117492 26.38574 0 14.7019 0 0 76.61329 
77.18252 53.81595 0 60.76235 23.19475 78.37781 68.22548 47.39777 
0 0 0 0 0 0 0 0 
0 0 0 0 0 0 0 0 
2.748198 12.62745 2.087119 1 0 0 5.024827 0 
0 0 0 0 0 0 0 0 
0 0 0 0 0 0 0 0 
0 0 0 0 0 0 0 0 
20.98899 11.50592 16.18431 73.46336 41.53884 15.52428 0 0 
0 0 0 0 0 0 0 0 
0 0 0 0 0 0 0 31.78381 
0 63.2102 6.401429 3.668204 13.1687 23.981 12.35655 7.630581 
3.784639 0.6271734 0 0 0 0 0 0 
67.47643 65.46731 64.89187 73.71471 77.23003 61.2523 60.93184 51.72624 
0 0 0 0 0 0 0 0 
48.63729 40.52138 53.57152 0 49.45259 47.20865 0 0 
0 0 0 0 0 0 0 0 
0 0 0 0 0 0 0 0 
0 0 0 0 0 0 0 0 
0 0 0 0 0 0 0 0 
0 0 0 0 0 0 0 0 
0 0 0 0 0 0 0 0 
0 0 0 0 2.9701 0 0 0 
10.82331 1.195131 0 3.070397 0 1.195131 0 3.79387 
0 0 0 0 0 0 0 0 
0 0 0 0 0 0 0 0 
23.99415 62.79922 35.1176 50.755 59.88272 0 66.99429 42.78925 
59.23672 38.03489 0 74.37114 35.97591 20.50453 27.9078 0 
60.71958 72.71674 65.30904 65.43848 71.11948 59.31885 65.14684 57.79916 
58.80647 64.45526 63.38058 64.16068 59.19393 59.57933 61.47252 61.26192 
0 0 0 27.06303 0 41.78377 0 0 
69.45213 57.61784 29.18001 62.52061 48.38893 65.53183 27.14762 66.41395 
94.28111 93.38802 94.63633 79.88824 78.76701 98.70842 44.89094 0 
0 54.34424 98.66628 41.19992 55.86387 77.6993 76.61276 78.81361 
0 0 0 0 0 0 0 0 
0 0 0 0 0 28.25764 0 0 
33.30719 69.93323 11.56064 10.11283 14.8959 23.69724 0 13.88925 
0 4.466673 4.163469 5.008323 5.711102 5.465012 6.178987 9.388797 
0 2.431026 4.02844 2.263603 1.275313 0 2.26256 0 
0 0 0 0 0 0 0 0 
0 0 0 0 1.0981 0 0 0 
0 0 0 0 0 0 0 0 
10.93317 2.872992 3.232014 1.0882 0 20.46517 23.00056 0 
31.47712 33.32973 81.01628 29.01596 18.89082 21.07284 7.542029 14.61823 
0 0 0 0 0 0 0 0 
0 0 0 0 0 0 0 0 
0 0 0 0 0 0 0 0 
0 0 0 0 0 0 0 0 
0 0 0 0 0 0 0 0 
0 0 0 0 0 0 0 0 
0 84.70868 0 0 0 0 0 67.04595 
0 0 0 0 0 0 0 0 
0 0 0 0 0 0 0 0 
0 0 0 0 0 0 0 0 
0 0 0 0 0 0 0 0 
0 0 0 0 0 0 0 0 
0 0 0 0 0 0 0 0 
0 0 0 0 0 0 0 0 
0 28.27512 30.77457 29.50602 27.88487 23.95572 24.29926 17.98072 
76.47473 64.3165 47.43495 37.48079 72.57589 28.83918 63.26301 71.00337 
0 0 0 0 0 0 0 0 
0 0 0 0 0 0 0 0 
0 0 0 0 0 0 0 0 
0 0 0 0 0 0 0 0 
0 0 68.7049 46.32572 35.91797 0 70.83569 54.82556 
0 0 0 0 68.29765 0 31.8993 89.21127 
43.02729 32.91149 41.59915 38.72625 29.75331 46.97139 48.46894 38.61359 
0 7.638965 0 0 9.780031 0 8.773565 0 
32.6898 0 14.44072 18.82303 11.1542 8.229367 22.8407 10.3256 
0 0 0 0 0 0 0 0 
0 0 0 0 0 0 0 0 
0 0 0 16.02932 12.28177 0 0 0 
0 0 4.027726 1 0 0 1 1.362495 
0 0 0 0 13.07221 3.586508 6.959356 0 
1 0 0 0 1.0981 0 1.09 1.098829 
91.30453 54.34586 10.30659 50.66587 13.66792 31.56355 24.85801 29.50298 
35.16493 3.881226 71.69982 14.50918 39.04367 2.277449 25.92994 2.498974 
46.06756 96.82288 80.54855 0 40.63164 0 52.62395 99.56892 
13.92556 35.65377 0 0 0 10.13539 60.54535 28.45932 
2.71 0 0 0 0 0 0 0 
0 28.07833 42.33259 25.40736 0 31.62576 28.93883 0 
0 37.88755 99.87442 64.94122 76.99529 75.00264 89.00135 61.24308 
0 0 0 0 0 0 0 26.18885 
0 99.36497 0 0 85.80447 0 93.19996 0 
0 21.55752 0 11.80632 10.96352 0 1.275962 0 
0 0 5.033615 7.256069 9.055598 4.750338 3.422918 0 
0 0 0 0 0 1.99 0 0 
0 0 0 0 2.318089 0 7.809417 0 
41.11988 37.82676 0 28.67356 60.94326 42.04523 39.01632 0 
0 0 0 0 0 0 0 0 
61.30658 72.20655 66.56314 67.71806 52.33686 0 66.79475 0 
0 0 0 0 0 0 0 0 
98.09471 97.07719 39.71503 89.37433 85.57145 97.53872 80.51029 90.82982 
99.06082 94.37427 99.85231 89.84069 91.44833 80.5911 98.47543 92.02185 
54.95887 50.2108 53.9194 56.51114 52.51045 51.1796 69.43207 60.97598 
87.00844 62.36941 56.57484 68.6375 73.04165 0 62.15624 0 
40.64878 27.34912 19.54569 28.65821 35.37093 0 56.57637 0 
97.84579 91.93153 94.68717 99.97255 87.43873 71.79433 98.89386 96.57166 
0 0 0 0 0 0 0 0 
97.77283 97.8332 98.69087 97.06831 97.90329 91.14407 99.0223 92.17878 
0 0 0 0 0 0 0 0 
0 0 0 0 0 0 0 0 
0 0 0 0 0 0 0 0 
0 0 0 0 0 0 0 0 
0 0 0 0 0 0 0 0 
0 0 0 0 0 0 0 0 
71.89203 35.29945 35.14689 66.15771 53.91811 83.24416 62.71341 40.45868 
0 0 92.85471 26.29881 2.068385 23.29208 42.91494 8.288218 
82.85581 91.85689 85.57439 94.33012 87.37717 70.20107 70.50521 99.99664 
62.99153 0 65.93936 0 68.51791 98.43273 85.75053 97.69351 
2.68982 7.126951 7.121737 1.098829 4.122745 0 12.27029 0 
93.19852 0 0 0 0 0 50.55582 0 
0 0 0 0 0 0 0 0 
82.32066 48.7871 88.27654 95.67602 93.94269 96.27621 82.36096 80.21693 
74.26112 83.02838 57.21151 86.76963 79.4705 80.912 31.31859 64.68551 
0 65.81013 36.94695 89.29057 49.46732 0 29.89142 89.07587 
0 0 0 0 0 0 0 0 
0 0 0 0 0 0 0 0 
0 0 0 0 0 0 0 0 
0 0 0 0 0 0 0 0 
0 0 0 0 0 0 0 0 
0 0 0 0 0 0 0 0 
0 26.56418 33.64566 35.12606 0 0 59.33426 57.49642 
0 0 0 0 0 0 0 0 
99.99538 75.30946 82.20246 66.2191 45.36909 67.92274 61.73296 32.63817 
0 0 0 0 0 0 0 0 
0 0 0 0 0 0 0 0 
59.04227 0 0 0 0 78.17197 45.06851 0 
41.76757 38.79541 46.08832 39.68088 39.39307 49.83731 48.22348 49.67136 
86.09113 30.00013 46.08733 14.82559 20.99809 88.26996 44.80193 96.74187 
54.86123 73.54982 47.87814 37.07596 36.34726 88.06791 9.235988 74.75236 
77.41924 51.64639 14.76782 0 83.84222 40.43241 0 54.17693 
0 0 0 0 0 0 0 0 
0 0 0 0 0 0 0 0 
0 0 0 0 0 0 0 0 
0 0 9.923158 21.2683 25.27121 0 23.14609 0 
0 0 0 0 0 0 0 0 
40.98896 0 0 62.27222 84.36465 8.39715 0 26.56404 
9.538939 94.74091 30.99301 0 0 25.2728 8.707729 33.83024 
98.9019 98.89463 99.4722 91.09323 97.95511 94.47913 99.07775 99.77618 
